0.88723639 0.02006664 0.07162091 -0.03281763 0.05586442 -0.00521657 0.00634819 -0.00419134 0.00776006 0.00006023
0.02006664 0.36658530 -0.03564495 -0.01038308 -0.01408383 0.00329820 -0.00430747 -0.00323988 -0.00674780 -0.00659377
0.07162091 -0.03564495 0.19848644 0.00908637 0.02467095 0.00594166 0.00601803 -0.00047883 0.00787935 0.00337260
-0.03281763 -0.01038308 0.00908637 0.07927422 0.00927667 0.00594405 -0.00066668 -0.00097684 0.00222624 0.00095504
0.05586442 -0.01408383 0.02467095 0.00927667 0.04616745 0.00191110 0.00195276 -0.00168811 0.00042189 0.00025415
-0.00521657 0.00329820 0.00594166 0.00594405 0.00191110 0.01979597 0.00112794 -0.00056018 0.00041746 0.00061255
0.00634819 -0.00430747 0.00601803 -0.00066668 0.00195276 0.00112794 0.01029350 0.00132884 0.00054142 0.00020331
-0.00419134 -0.00323988 -0.00047883 -0.00097684 -0.00168811 -0.00056018 0.00132884 0.00478465 0.00038105 0.00031902
0.00776006 -0.00674780 0.00787935 0.00222624 0.00042189 0.00041746 0.00054142 0.00038105 0.00320740 0.00075161
0.00006023 -0.00659377 0.00337260 0.00095504 0.00025415 0.00061255 0.00020331 0.00031902 0.00075161 0.00178244
