18.18890779 -0.18703306 -0.99277936 -0.40006939 -0.72194120 0.09145527 0.10774586 -0.02287578 0.15668324 -0.02314178
-0.18703306 11.32656693 0.26843812 0.27990402 0.12496961 -0.07461695 -0.22540382 -0.01112245 0.11754732 -0.05314466
-0.99277936 0.26843812 4.08534954 0.29155286 -0.01067865 0.10744626 -0.05881414 -0.01738109 0.07964336 0.02604974
-0.40006939 0.27990402 0.29155286 2.07206555 0.29421841 0.13488265 0.00199701 -0.09737871 0.06437175 0.02604934
-0.72194120 0.12496961 -0.01067865 0.29421841 1.16419888 0.07089992 0.08716597 -0.00492529 -0.01666847 0.00798043
0.09145527 -0.07461695 0.10744626 0.13488265 0.07089992 0.51004460 0.09503391 0.04468370 0.03116758 0.02291902
0.10774586 -0.22540382 -0.05881414 0.00199701 0.08716597 0.09503391 0.27210207 0.05379630 0.02221505 0.01375215
-0.02287578 -0.01112245 -0.01738109 -0.09737871 -0.00492529 0.04468370 0.05379630 0.11328006 0.02178084 0.00161556
0.15668324 0.11754732 0.07964336 0.06437175 -0.01666847 0.03116758 0.02221505 0.02178084 0.06895477 0.00999284
-0.02314178 -0.05314466 0.02604974 0.02604934 0.00798043 0.02291902 0.01375215 0.00161556 0.00999284 0.02992507
