1.11985320 0.01796766 0.01048949 0.06829084 0.00523946 0.01585876 0.00078922 0.01651098 -0.00442013 0.00381033
0.01796766 0.60272674 0.08170102 0.03732633 0.03779779 0.02643940 0.00777927 0.00187134 0.00091211 -0.00925266
0.01048949 0.08170102 0.27548256 0.04714616 0.00515213 0.00958985 0.00083077 -0.00706934 0.00594667 -0.00291860
0.06829084 0.03732633 0.04714616 0.15222327 0.01400606 0.00078006 0.00035959 0.00276933 0.00152032 -0.00174150
0.00523946 0.03779779 0.00515213 0.01400606 0.08729986 0.01753208 0.00952864 0.00069103 0.00583365 0.00526766
0.01585876 0.02643940 0.00958985 0.00078006 0.01753208 0.04451772 0.00844440 0.00083388 0.00187557 0.00198437
0.00078922 0.00777927 0.00083077 0.00035959 0.00952864 0.00844440 0.02094628 0.00467838 0.00303377 0.00294168
0.01651098 0.00187134 -0.00706934 0.00276933 0.00069103 0.00083388 0.00467838 0.01231559 0.00330284 0.00273418
-0.00442013 0.00091211 0.00594667 0.00152032 0.00583365 0.00187557 0.00303377 0.00330284 0.00810255 0.00343205
0.00381033 -0.00925266 -0.00291860 -0.00174150 0.00526766 0.00198437 0.00294168 0.00273418 0.00343205 0.00600802
