113.84962099 2.19270044 -8.83736615 0.39064557 -0.06952555 -1.84596085 0.26100970 0.54483493 0.02102904 0.10457747
2.19270044 46.40092595 2.76846079 -1.68690470 -3.05495889 -0.16874758 0.21731786 0.85246619 -0.03911709 -0.14646255
-8.83736615 2.76846079 16.31738785 -0.13242000 0.09412927 -0.47413316 0.20943653 0.33790921 -0.31326109 0.10154203
0.39064557 -1.68690470 -0.13242000 12.89676982 0.24580440 0.87494327 0.25725004 0.58270780 0.08885746 -0.05610514
-0.06952555 -3.05495889 0.09412927 0.24580440 4.95498421 0.29533209 0.62949394 -0.27484151 0.12602449 0.10633699
-1.84596085 -0.16874758 -0.47413316 0.87494327 0.29533209 2.65016741 -0.07446545 -0.04855012 -0.07871669 -0.06193174
0.26100970 0.21731786 0.20943653 0.25725004 0.62949394 -0.07446545 0.93582925 -0.02106574 0.04566565 0.07345954
0.54483493 0.85246619 0.33790921 0.58270780 -0.27484151 -0.04855012 -0.02106574 0.47766156 0.01146540 0.03910966
0.02102904 -0.03911709 -0.31326109 0.08885746 0.12602449 -0.07871669 0.04566565 0.01146540 0.25341550 0.00417542
0.10457747 -0.14646255 0.10154203 -0.05610514 0.10633699 -0.06193174 0.07345954 0.03910966 0.00417542 0.12450083
