0.17030809 -0.00619234 0.00649038 0.00499076 0.00344298 -0.00175436 0.00040485 0.00040091 0.00059146 0.00119993
-0.00619234 0.07735224 0.00545200 0.00119333 -0.00294218 -0.00146301 -0.00186584 -0.00084417 -0.00059699 -0.00157540
0.00649038 0.00545200 0.03297743 0.00217229 -0.00114992 -0.00142047 0.00161991 -0.00107090 -0.00039619 0.00029087
0.00499076 0.00119333 0.00217229 0.01589740 0.00336412 0.00143111 0.00134386 0.00058603 0.00027529 -0.00037753
0.00344298 -0.00294218 -0.00114992 0.00336412 0.01182766 0.00379976 0.00240021 0.00110182 0.00105260 0.00099791
-0.00175436 -0.00146301 -0.00142047 0.00143111 0.00379976 0.00676329 0.00204072 0.00093904 0.00104582 0.00070164
0.00040485 -0.00186584 0.00161991 0.00134386 0.00240021 0.00204072 0.00412167 0.00173777 0.00121470 0.00105285
0.00040091 -0.00084417 -0.00107090 0.00058603 0.00110182 0.00093904 0.00173777 0.00330906 0.00180940 0.00124144
0.00059146 -0.00059699 -0.00039619 0.00027529 0.00105260 0.00104582 0.00121470 0.00180940 0.00252610 0.00141486
0.00119993 -0.00157540 0.00029087 -0.00037753 0.00099791 0.00070164 0.00105285 0.00124144 0.00141486 0.00202163
