243.49881069 -13.71668951 -19.20439297 5.77075558 -8.44396012 2.44376286 -0.80985227 0.20082321 0.19832411 -0.30460233
-13.71668951 110.17734807 1.27855242 -4.15845977 3.11723468 -0.28334113 -0.16888378 -1.06953750 -1.67722271 0.24072269
-19.20439297 1.27855242 67.10255151 0.76620483 3.30109552 -1.42232812 1.29184698 0.27878767 -0.42696558 0.04400077
5.77075558 -4.15845977 0.76620483 31.98511745 -1.36201146 0.05056903 0.73716947 0.02662551 0.62814507 0.09244146
-8.44396012 3.11723468 3.30109552 -1.36201146 13.17941907 1.45242622 0.28043027 -1.18917709 0.25685081 -0.03026145
2.44376286 -0.28334113 -1.42232812 0.05056903 1.45242622 5.02855186 -0.51145724 -0.50432774 -0.03853363 -0.09601620
-0.80985227 -0.16888378 1.29184698 0.73716947 0.28043027 -0.51145724 1.84092218 0.04277645 -0.20792104 0.19736842
0.20082321 -1.06953750 0.27878767 0.02662551 -1.18917709 -0.50432774 0.04277645 1.08044102 0.02962864 0.09452960
0.19832411 -1.67722271 -0.42696558 0.62814507 0.25685081 -0.03853363 -0.20792104 0.02962864 0.59079680 -0.02439858
-0.30460233 0.24072269 0.04400077 0.09244146 -0.03026145 -0.09601620 0.19736842 0.09452960 -0.02439858 0.23876763
