3.89774022 -0.30017152 -0.30536845 0.13337497 0.03671705 -0.00875713 -0.08333873 0.01793043 -0.01586857 0.03743752
-0.30017152 1.77239479 0.06908291 -0.04836226 -0.04586985 -0.01187091 0.00261427 -0.01240234 -0.00261324 -0.03021562
-0.30536845 0.06908291 1.29175560 0.09951499 0.07764521 -0.01954070 -0.01416021 -0.00877043 -0.00140963 0.00098019
0.13337497 -0.04836226 0.09951499 0.57765608 -0.01415209 -0.02832984 -0.00522037 0.00453489 0.01064144 0.01074428
0.03671705 -0.04586985 0.07764521 -0.01415209 0.24297024 0.01815388 0.00755776 -0.00344052 0.00475475 -0.00997871
-0.00875713 -0.01187091 -0.01954070 -0.02832984 0.01815388 0.09240800 0.00132569 0.00049847 -0.00300257 -0.00295045
-0.08333873 0.00261427 -0.01416021 -0.00522037 0.00755776 0.00132569 0.06737806 0.00310319 0.00044053 -0.00427903
0.01793043 -0.01240234 -0.00877043 0.00453489 -0.00344052 0.00049847 0.00310319 0.02248720 0.00240912 0.00165861
-0.01586857 -0.00261324 -0.00140963 0.01064144 0.00475475 -0.00300257 0.00044053 0.00240912 0.01593762 0.00271937
0.03743752 -0.03021562 0.00098019 0.01074428 -0.00997871 -0.00295045 -0.00427903 0.00165861 0.00271937 0.00968810
