0.24207614 0.01280967 -0.00429573 -0.00933689 -0.00619882 -0.00030368 -0.00142805 0.00106626 0.00629950 0.00309625
0.01280967 0.16681269 0.01942663 -0.00832854 0.00655837 0.00052284 0.00199748 0.00064868 -0.00135843 -0.00102298
-0.00429573 0.01942663 0.09654033 0.00369384 0.00240397 0.00053571 0.00110499 0.00035732 -0.00173015 0.00000335
-0.00933689 -0.00832854 0.00369384 0.04384775 0.00397396 -0.00011083 0.00031611 0.00040460 0.00010633 -0.00098072
-0.00619882 0.00655837 0.00240397 0.00397396 0.02206098 0.00395239 0.00376114 0.00239590 0.00067324 0.00152949
-0.00030368 0.00052284 0.00053571 -0.00011083 0.00395239 0.00899355 0.00146801 0.00112392 -0.00039805 0.00068935
-0.00142805 0.00199748 0.00110499 0.00031611 0.00376114 0.00146801 0.00574612 0.00156601 0.00023211 0.00005140
0.00106626 0.00064868 0.00035732 0.00040460 0.00239590 0.00112392 0.00156601 0.00332413 0.00074147 0.00060940
0.00629950 -0.00135843 -0.00173015 0.00010633 0.00067324 -0.00039805 0.00023211 0.00074147 0.00180165 0.00063369
0.00309625 -0.00102298 0.00000335 -0.00098072 0.00152949 0.00068935 0.00005140 0.00060940 0.00063369 0.00138214
