51.77721410 3.00526474 0.84412949 -0.17428661 -0.96787343 -0.47911599 -0.29705925 -0.45045077 -0.02863730 0.48279922
3.00526474 18.05241748 -0.77912782 -0.78704936 0.18858462 -0.31095205 -0.10589302 -0.26125667 -0.07090782 0.08090457
0.84412949 -0.77912782 11.00686523 0.97380965 0.49963799 0.13050484 0.38030660 0.56933259 0.01288524 -0.02758792
-0.17428661 -0.78704936 0.97380965 5.95289976 0.16009765 -0.17220119 -0.06263310 0.11632657 0.16472479 0.09773105
-0.96787343 0.18858462 0.49963799 0.16009765 2.18827149 0.01700697 0.04129457 0.02159513 0.05845630 0.00138941
-0.47911599 -0.31095205 0.13050484 -0.17220119 0.01700697 0.82390785 0.04400339 -0.01536393 -0.01538354 -0.01089891
-0.29705925 -0.10589302 0.38030660 -0.06263310 0.04129457 0.04400339 0.50299385 0.11978491 0.02453704 0.03073753
-0.45045077 -0.26125667 0.56933259 0.11632657 0.02159513 -0.01536393 0.11978491 0.28518002 0.04361192 -0.01699030
-0.02863730 -0.07090782 0.01288524 0.16472479 0.05845630 -0.01538354 0.02453704 0.04361192 0.11524328 -0.00646984
0.48279922 0.08090457 -0.02758792 0.09773105 0.00138941 -0.01089891 0.03073753 -0.01699030 -0.00646984 0.05553483
