6.91241952 -0.10544580 -0.26209203 0.25379795 -0.07174585 -0.01914609 -0.20522761 0.03087435 0.00392990 0.02217124
-0.10544580 3.20878356 0.58481185 0.14101957 -0.01030041 -0.01335638 -0.01476348 -0.05827448 0.04612115 -0.02666127
-0.26209203 0.58481185 1.94730366 0.10218806 0.10932375 -0.00257456 -0.02115652 -0.00371257 -0.00499993 -0.00553580
0.25379795 0.14101957 0.10218806 0.91831924 0.02602244 -0.08280279 -0.01615972 0.01534686 0.01098542 0.00421779
-0.07174585 -0.01030041 0.10932375 0.02602244 0.37755011 0.03079043 0.01038408 -0.00504082 0.01533038 -0.01362575
-0.01914609 -0.01335638 -0.00257456 -0.08280279 0.03079043 0.16971965 0.00843912 -0.00818099 0.00611154 -0.00080434
-0.20522761 -0.01476348 -0.02115652 -0.01615972 0.01038408 0.00843912 0.08044722 0.00629042 0.00400699 -0.00150800
0.03087435 -0.05827448 -0.00371257 0.01534686 -0.00504082 -0.00818099 0.00629042 0.03552439 0.00452826 0.00295700
0.00392990 0.04612115 -0.00499993 0.01098542 0.01533038 0.00611154 0.00400699 0.00452826 0.02108253 0.00232171
0.02217124 -0.02666127 -0.00553580 0.00421779 -0.01362575 -0.00080434 -0.00150800 0.00295700 0.00232171 0.01257708
