1.14183176 0.03252894 0.08204171 -0.02115732 0.05820062 0.00515414 0.00433740 -0.01007338 0.01664805 0.00029701
0.03252894 0.48783260 -0.05218817 -0.03327714 -0.01474058 0.00533947 -0.00550057 -0.00354005 -0.01004705 -0.00734822
0.08204171 -0.05218817 0.23858298 0.01912767 0.01888160 0.00442180 0.00589448 0.00238420 0.00645057 0.00570188
-0.02115732 -0.03327714 0.01912767 0.09164048 0.00258928 -0.00029110 -0.00184754 -0.00266665 0.00167106 0.00035292
0.05820062 -0.01474058 0.01888160 0.00258928 0.05365322 0.00169200 0.00029360 -0.00155277 -0.00007450 0.00099461
0.00515414 0.00533947 0.00442180 -0.00029110 0.00169200 0.02446149 0.00073474 -0.00004987 -0.00021091 -0.00007981
0.00433740 -0.00550057 0.00589448 -0.00184754 0.00029360 0.00073474 0.01385549 0.00096121 0.00044718 0.00038528
-0.01007338 -0.00354005 0.00238420 -0.00266665 -0.00155277 -0.00004987 0.00096121 0.00618588 0.00000609 0.00056943
0.01664805 -0.01004705 0.00645057 0.00167106 -0.00007450 -0.00021091 0.00044718 0.00000609 0.00353799 0.00069718
0.00029701 -0.00734822 0.00570188 0.00035292 0.00099461 -0.00007981 0.00038528 0.00056943 0.00069718 0.00236061
