54.85201315 -3.51826370 1.59995650 -1.72381547 -0.41470781 -0.80795727 -0.26391137 0.25375907 0.29544222 0.06774322
-3.51826370 20.34918711 -0.34153422 -0.53220217 0.34689706 0.37148282 -0.34624632 -0.07621936 -0.02569971 -0.27097998
1.59995650 -0.34153422 8.05955847 -0.48605034 -0.10434212 -0.00455381 0.16859639 -0.04215283 0.06588186 -0.09629627
-1.72381547 -0.53220217 -0.48605034 4.45444596 -0.03460402 0.27709479 -0.18651490 0.19463973 0.08754111 -0.01818278
-0.41470781 0.34689706 -0.10434212 -0.03460402 2.61973715 0.28993179 0.29461434 -0.18027856 -0.02421571 0.03527933
-0.80795727 0.37148282 -0.00455381 0.27709479 0.28993179 1.10977256 0.03997582 -0.07331623 -0.00112235 -0.00480662
-0.26391137 -0.34624632 0.16859639 -0.18651490 0.29461434 0.03997582 0.53676077 -0.02245090 0.00621220 0.05209959
0.25375907 -0.07621936 -0.04215283 0.19463973 -0.18027856 -0.07331623 -0.02245090 0.21802873 0.00321870 0.01651592
0.29544222 -0.02569971 0.06588186 0.08754111 -0.02421571 -0.00112235 0.00621220 0.00321870 0.09635093 0.00513353
0.06774322 -0.27097998 -0.09629627 -0.01818278 0.03527933 -0.00480662 0.05209959 0.01651592 0.00513353 0.05457599
