7.20319148 -0.42669941 0.49165293 -0.13582354 0.05829986 0.13279664 -0.01400048 0.04365999 0.05446080 -0.01653408
-0.42669941 2.82184101 -0.10920046 0.08559161 0.04568418 -0.03149202 -0.03340141 -0.02056503 -0.03871363 0.01090972
0.49165293 -0.10920046 1.59002947 0.20092890 0.07536214 0.11082055 0.01028325 -0.01277196 0.05834584 0.03668690
-0.13582354 0.08559161 0.20092890 0.62904503 0.08548673 0.03759137 -0.03172321 -0.00160464 0.00575791 -0.00014062
0.05829986 0.04568418 0.07536214 0.08548673 0.26601888 0.05241005 -0.00898443 0.00036296 -0.00364151 -0.00208806
0.13279664 -0.03149202 0.11082055 0.03759137 0.05241005 0.17256126 0.00080455 0.00411524 0.00515398 -0.00291480
-0.01400048 -0.03340141 0.01028325 -0.03172321 -0.00898443 0.00080455 0.06800632 -0.00024225 0.00581325 0.00397253
0.04365999 -0.02056503 -0.01277196 -0.00160464 0.00036296 0.00411524 -0.00024225 0.03028925 -0.00002358 0.00102956
0.05446080 -0.03871363 0.05834584 0.00575791 -0.00364151 0.00515398 0.00581325 -0.00002358 0.01695560 0.00231985
-0.01653408 0.01090972 0.03668690 -0.00014062 -0.00208806 -0.00291480 0.00397253 0.00102956 0.00231985 0.01048558
