0.34081793 0.00332357 -0.01177317 -0.00132423 -0.01587201 -0.00148423 -0.00123075 0.00077197 0.00540590 0.00345742
0.00332357 0.19511614 0.01942405 -0.00705122 0.00624786 0.00505720 0.00325019 0.00407682 -0.00170265 -0.00060050
-0.01177317 0.01942405 0.10389235 0.00011570 0.00623770 0.00233696 0.00234376 -0.00015150 -0.00104596 0.00033395
-0.00132423 -0.00705122 0.00011570 0.04866374 -0.00055648 -0.00352887 0.00060975 -0.00008951 0.00040097 -0.00124019
-0.01587201 0.00624786 0.00623770 -0.00055648 0.02339209 0.00435914 0.00302725 0.00164350 0.00052250 0.00139431
-0.00148423 0.00505720 0.00233696 -0.00352887 0.00435914 0.01126074 0.00142386 0.00174262 -0.00024864 0.00109073
-0.00123075 0.00325019 0.00234376 0.00060975 0.00302725 0.00142386 0.00574701 0.00160735 0.00031062 0.00006587
0.00077197 0.00407682 -0.00015150 -0.00008951 0.00164350 0.00174262 0.00160735 0.00410401 0.00088490 0.00067733
0.00540590 -0.00170265 -0.00104596 0.00040097 0.00052250 -0.00024864 0.00031062 0.00088490 0.00200432 0.00080180
0.00345742 -0.00060050 0.00033395 -0.00124019 0.00139431 0.00109073 0.00006587 0.00067733 0.00080180 0.00154246
