1.65915169 -0.00122975 0.13310661 0.04619281 0.04406442 -0.00939968 -0.00009474 -0.01617923 0.02516328 0.00104730
-0.00122975 0.64389430 -0.08145194 -0.07555282 -0.04218570 0.00739501 -0.00471522 0.00107274 -0.01113647 -0.00696599
0.13310661 -0.08145194 0.35759584 0.01869283 0.02398863 0.00857842 0.00684312 -0.00076417 0.00686799 0.00905138
0.04619281 -0.07555282 0.01869283 0.13766202 0.01311642 0.00259271 -0.00404402 -0.00174821 0.00579969 0.00121208
0.04406442 -0.04218570 0.02398863 0.01311642 0.07846803 0.00170599 -0.00205071 -0.00169728 0.00033494 0.00106439
-0.00939968 0.00739501 0.00857842 0.00259271 0.00170599 0.03508078 -0.00003708 -0.00009638 0.00080424 0.00096914
-0.00009474 -0.00471522 0.00684312 -0.00404402 -0.00205071 -0.00003708 0.01884008 0.00037410 0.00102103 0.00010775
-0.01617923 0.00107274 -0.00076417 -0.00174821 -0.00169728 -0.00009638 0.00037410 0.00880684 -0.00064645 0.00061124
0.02516328 -0.01113647 0.00686799 0.00579969 0.00033494 0.00080424 0.00102103 -0.00064645 0.00529102 0.00057478
0.00104730 -0.00696599 0.00905138 0.00121208 0.00106439 0.00096914 0.00010775 0.00061124 0.00057478 0.00314678
