2.99434169 -0.20534193 -0.18471550 -0.00084843 0.06027886 -0.06941138 -0.05674161 0.02490492 -0.01275600 0.01802612
-0.20534193 1.28777877 -0.03070723 -0.01192860 -0.01199195 0.00236303 0.01776522 -0.00374516 0.00433570 -0.00017944
-0.18471550 -0.03070723 0.80131089 0.05295396 0.03793498 0.01274018 -0.03883817 0.00702077 -0.00232068 0.00152796
-0.00084843 -0.01192860 0.05295396 0.48282115 -0.00491152 -0.01738004 -0.00131526 0.01046092 0.00914012 0.01055777
0.06027886 -0.01199195 0.03793498 -0.00491152 0.16802111 0.00579661 -0.00099654 -0.00568866 0.00012132 -0.00851241
-0.06941138 0.00236303 0.01274018 -0.01738004 0.00579661 0.06298634 0.00049187 0.00394522 0.00054538 -0.00050618
-0.05674161 0.01776522 -0.03883817 -0.00131526 -0.00099654 0.00049187 0.04247425 -0.00410428 -0.00062255 -0.00132839
0.02490492 -0.00374516 0.00702077 0.01046092 -0.00568866 0.00394522 -0.00410428 0.01909503 0.00089610 0.00043218
-0.01275600 0.00433570 -0.00232068 0.00914012 0.00012132 0.00054538 -0.00062255 0.00089610 0.01034658 0.00213325
0.01802612 -0.00017944 0.00152796 0.01055777 -0.00851241 -0.00050618 -0.00132839 0.00043218 0.00213325 0.00717641
