0.37152234 0.00285023 -0.01551721 0.00124682 -0.00950208 -0.00224615 -0.00500338 -0.00180481 0.00545097 0.00203770
0.00285023 0.23194598 0.02131613 -0.00424194 0.00729775 0.00888002 0.00466888 0.00234650 -0.00295981 0.00024422
-0.01551721 0.02131613 0.12555368 0.00455472 0.00005259 -0.00283795 0.00283525 -0.00057179 -0.00098519 0.00125778
0.00124682 -0.00424194 0.00455472 0.04783910 0.00261094 -0.00433271 0.00104628 0.00048920 0.00075083 -0.00094872
-0.00950208 0.00729775 0.00005259 0.00261094 0.02414048 0.00571011 0.00377796 0.00180613 0.00081632 0.00130528
-0.00224615 0.00888002 -0.00283795 -0.00433271 0.00571011 0.01391115 0.00118003 0.00144269 -0.00043765 0.00150331
-0.00500338 0.00466888 0.00283525 0.00104628 0.00377796 0.00118003 0.00786621 0.00156453 0.00013998 0.00008634
-0.00180481 0.00234650 -0.00057179 0.00048920 0.00180613 0.00144269 0.00156453 0.00444218 0.00087307 0.00063233
0.00545097 -0.00295981 -0.00098519 0.00075083 0.00081632 -0.00043765 0.00013998 0.00087307 0.00206068 0.00077814
0.00203770 0.00024422 0.00125778 -0.00094872 0.00130528 0.00150331 0.00008634 0.00063233 0.00077814 0.00193464
