0.26726884 -0.00603283 0.01073031 0.00125048 -0.00051509 -0.00182892 -0.00608565 -0.00254055 -0.00303559 -0.00143332
-0.00603283 0.10616130 0.01159815 0.00550815 0.00295966 -0.00011020 0.00060465 -0.00166034 0.00094167 -0.00169250
0.01073031 0.01159815 0.05290482 0.00418132 -0.00547150 -0.00248934 0.00251616 -0.00056322 -0.00098998 0.00144897
0.00125048 0.00550815 0.00418132 0.03115953 0.00172224 0.00382640 0.00202945 0.00067087 0.00072359 -0.00034506
-0.00051509 0.00295966 -0.00547150 0.00172224 0.01778057 0.00594154 0.00428011 0.00160705 0.00110448 0.00116518
-0.00182892 -0.00011020 -0.00248934 0.00382640 0.00594154 0.01159539 0.00419648 0.00164054 0.00210631 0.00101720
-0.00608565 0.00060465 0.00251616 0.00202945 0.00428011 0.00419648 0.00735915 0.00266176 0.00169171 0.00143036
-0.00254055 -0.00166034 -0.00056322 0.00067087 0.00160705 0.00164054 0.00266176 0.00460829 0.00209913 0.00148392
-0.00303559 0.00094167 -0.00098998 0.00072359 0.00110448 0.00210631 0.00169171 0.00209913 0.00312584 0.00159872
-0.00143332 -0.00169250 0.00144897 -0.00034506 0.00116518 0.00101720 0.00143036 0.00148392 0.00159872 0.00268470
