0.49144600 -0.01474106 -0.01003691 0.01639478 -0.00718267 -0.01351612 -0.00058290 -0.00467965 0.00488085 0.00200271
-0.01474106 0.28135601 0.02296331 -0.01257745 0.00026815 0.01493858 0.00273628 0.00503606 -0.00394909 -0.00020252
-0.01003691 0.02296331 0.15429792 0.00767582 0.00113635 0.00033995 0.00331203 -0.00245309 0.00041517 0.00220692
0.01639478 -0.01257745 0.00767582 0.06088808 -0.00100109 -0.00775285 0.00072381 -0.00174851 0.00105242 -0.00130661
-0.00718267 0.00026815 0.00113635 -0.00100109 0.02878272 0.00830184 0.00323084 0.00307333 -0.00018651 0.00172577
-0.01351612 0.01493858 0.00033995 -0.00775285 0.00830184 0.01907245 0.00117460 0.00238843 -0.00025369 0.00179169
-0.00058290 0.00273628 0.00331203 0.00072381 0.00323084 0.00117460 0.00968060 0.00209307 0.00014787 0.00001589
-0.00467965 0.00503606 -0.00245309 -0.00174851 0.00307333 0.00238843 0.00209307 0.00558950 0.00097753 0.00091109
0.00488085 -0.00394909 0.00041517 0.00105242 -0.00018651 -0.00025369 0.00014787 0.00097753 0.00207237 0.00089169
0.00200271 -0.00020252 0.00220692 -0.00130661 0.00172577 0.00179169 0.00001589 0.00091109 0.00089169 0.00212727
