0.36101539 -0.03015396 0.01217214 -0.00476579 -0.01013853 -0.00176082 -0.00727201 -0.00186608 -0.00204467 -0.00073821
-0.03015396 0.14691164 0.01153484 0.02068741 0.00922804 0.00802242 0.00362118 -0.00007950 0.00264658 -0.00300909
0.01217214 0.01153484 0.06065678 0.00945456 -0.00673387 -0.00364770 0.00213670 -0.00010062 -0.00043909 0.00245776
-0.00476579 0.02068741 0.00945456 0.04002518 0.00253326 0.00284034 0.00225082 0.00112819 0.00027286 -0.00063715
-0.01013853 0.00922804 -0.00673387 0.00253326 0.02330088 0.00839665 0.00543642 0.00205068 0.00236316 0.00166538
-0.00176082 0.00802242 -0.00364770 0.00284034 0.00839665 0.01488427 0.00454113 0.00180625 0.00232453 0.00108082
-0.00727201 0.00362118 0.00213670 0.00225082 0.00543642 0.00454113 0.00835585 0.00361532 0.00194579 0.00166452
-0.00186608 -0.00007950 -0.00010062 0.00112819 0.00205068 0.00180625 0.00361532 0.00571933 0.00245813 0.00196094
-0.00204467 0.00264658 -0.00043909 0.00027286 0.00236316 0.00232453 0.00194579 0.00245813 0.00361700 0.00182732
-0.00073821 -0.00300909 0.00245776 -0.00063715 0.00166538 0.00108082 0.00166452 0.00196094 0.00182732 0.00309211
