2.09225129 -0.15385757 0.06856632 0.02081054 0.00863176 0.01988872 0.01752716 0.00004222 -0.00566336 0.00862495
-0.15385757 1.36535643 0.00399578 0.09886794 0.06119366 0.02962872 0.01365902 0.00152292 0.01052994 -0.00427341
0.06856632 0.00399578 0.54716809 0.12150217 0.01372883 0.01738375 0.01258368 -0.00070468 0.01164884 -0.00135474
0.02081054 0.09886794 0.12150217 0.27001064 0.02183235 0.01087917 0.01707789 0.00617382 0.00132338 -0.00134936
0.00863176 0.06119366 0.01372883 0.02183235 0.17369242 0.02820743 0.01009937 0.00202392 0.00730526 0.00995902
0.01988872 0.02962872 0.01738375 0.01087917 0.02820743 0.07239233 0.00783608 0.00388423 0.00674673 0.00472646
0.01752716 0.01365902 0.01258368 0.01707789 0.01009937 0.00783608 0.03089296 0.00871947 0.00561061 0.00412070
0.00004222 0.00152292 -0.00070468 0.00617382 0.00202392 0.00388423 0.00871947 0.01803861 0.00462429 0.00359423
-0.00566336 0.01052994 0.01164884 0.00132338 0.00730526 0.00674673 0.00561061 0.00462429 0.01526916 0.00571577
0.00862495 -0.00427341 -0.00135474 -0.00134936 0.00995902 0.00472646 0.00412070 0.00359423 0.00571577 0.00906518
