33.20096661 -2.51896092 0.04596245 -0.51422624 -1.22376931 0.10851013 -0.09281821 0.19129108 -0.13741216 -0.06548030
-2.51896092 16.57618083 -0.37257580 0.41651875 -0.53917662 0.05906382 -0.13913375 -0.24525272 0.00362076 0.06168394
0.04596245 -0.37257580 5.61193494 0.25175746 0.42098298 0.20236489 0.11447927 -0.00176264 0.20360800 0.11606979
-0.51422624 0.41651875 0.25175746 3.27035659 0.25550144 0.46307985 -0.01344402 0.00426146 -0.00399685 -0.00198200
-1.22376931 -0.53917662 0.42098298 0.25550144 1.46307927 0.17497310 0.09690626 -0.07394318 0.00007347 0.03127826
0.10851013 0.05906382 0.20236489 0.46307985 0.17497310 0.74440677 -0.05702916 0.03667609 -0.02578446 -0.00130228
-0.09281821 -0.13913375 0.11447927 -0.01344402 0.09690626 -0.05702916 0.31933615 -0.01830919 -0.02082661 -0.00115602
0.19129108 -0.24525272 -0.00176264 0.00426146 -0.07394318 0.03667609 -0.01830919 0.09619069 -0.00411827 -0.00788800
-0.13741216 0.00362076 0.20360800 -0.00399685 0.00007347 -0.02578446 -0.02082661 -0.00411827 0.07620607 0.00957200
-0.06548030 0.06168394 0.11606979 -0.00198200 0.03127826 -0.00130228 -0.00115602 -0.00788800 0.00957200 0.04201075
