11.95275521 -0.36290479 -0.81608330 0.68821695 -0.22915188 0.08912545 -0.29354767 0.03657158 0.03900601 0.03668114
-0.36290479 6.69979582 0.61295532 -0.17896154 0.12667775 0.00145661 -0.03397243 -0.04828889 0.04450402 -0.03547898
-0.81608330 0.61295532 3.18770921 -0.19248457 0.21393312 0.07818943 -0.03198511 -0.02760732 0.00162143 -0.01491239
0.68821695 -0.17896154 -0.19248457 1.54848780 0.01511437 -0.11857568 -0.08300837 0.06768930 0.01322006 0.00457530
-0.22915188 0.12667775 0.21393312 0.01511437 0.70865832 0.05041729 -0.01321546 -0.01800663 0.03533570 -0.00423934
0.08912545 0.00145661 0.07818943 -0.11857568 0.05041729 0.22829754 -0.02107624 -0.03267331 -0.00412827 -0.00179775
-0.29354767 -0.03397243 -0.03198511 -0.08300837 -0.01321546 -0.02107624 0.13544103 0.00458442 0.00491800 0.00168543
0.03657158 -0.04828889 -0.02760732 0.06768930 -0.01800663 -0.03267331 0.00458442 0.05076360 0.00188682 0.00665484
0.03900601 0.04450402 0.00162143 0.01322006 0.03533570 -0.00412827 0.00491800 0.00188682 0.04191810 0.00307527
0.03668114 -0.03547898 -0.01491239 0.00457530 -0.00423934 -0.00179775 0.00168543 0.00665484 0.00307527 0.01744837
