12.76815481 -0.52014971 0.19062239 -0.32045916 -0.22638314 0.18769466 0.04557727 0.19485663 0.01526881 -0.04166627
-0.52014971 5.59022723 -0.31379125 0.07760369 -0.03627257 0.04065623 -0.02222445 -0.02634185 -0.05518629 0.06804988
0.19062239 -0.31379125 2.39573071 0.04920861 -0.03321445 0.11862876 0.03471389 0.00623700 0.09059069 0.05168542
-0.32045916 0.07760369 0.04920861 1.03433103 0.03358930 0.10980626 -0.07875104 -0.02109132 0.00728762 -0.01497283
-0.22638314 -0.03627257 -0.03321445 0.03358930 0.58250241 0.08272188 0.00850405 -0.01560733 -0.03012947 -0.00764361
0.18769466 0.04065623 0.11862876 0.10980626 0.08272188 0.26407268 -0.01301576 0.00409863 -0.00431999 -0.00727659
0.04557727 -0.02222445 0.03471389 -0.07875104 0.00850405 -0.01301576 0.11646550 0.00217865 0.00040400 0.00366768
0.19485663 -0.02634185 0.00623700 -0.02109132 -0.01560733 0.00409863 0.00217865 0.05476009 0.00079172 0.00223561
0.01526881 -0.05518629 0.09059069 0.00728762 -0.03012947 -0.00431999 0.00040400 0.00079172 0.03165187 0.00227010
-0.04166627 0.06804988 0.05168542 -0.01497283 -0.00764361 -0.00727659 0.00366768 0.00223561 0.00227010 0.01818414
