0.54546570 -0.01804712 -0.01702801 -0.01597179 -0.01213615 -0.01308995 -0.00180103 -0.00493784 0.00648801 -0.00046334
-0.01804712 0.36327141 0.03938016 -0.01772839 0.00709381 0.01431292 0.00225930 0.00601606 -0.00465585 -0.00038021
-0.01702801 0.03938016 0.18623595 0.01586538 -0.00082946 0.00008179 0.00124286 -0.00437814 -0.00001702 0.00176626
-0.01597179 -0.01772839 0.01586538 0.07466717 -0.00079810 -0.00575568 0.00259189 0.00089074 0.00090476 -0.00134503
-0.01213615 0.00709381 -0.00082946 -0.00079810 0.03120155 0.00781337 0.00267866 0.00237837 -0.00083775 0.00166955
-0.01308995 0.01431292 0.00008179 -0.00575568 0.00781337 0.02328083 0.00077701 0.00323502 -0.00030508 0.00191257
-0.00180103 0.00225930 0.00124286 0.00259189 0.00267866 0.00077701 0.01051309 0.00260866 0.00073144 -0.00005988
-0.00493784 0.00601606 -0.00437814 0.00089074 0.00237837 0.00323502 0.00260866 0.00732228 0.00136945 0.00157833
0.00648801 -0.00465585 -0.00001702 0.00090476 -0.00083775 -0.00030508 0.00073144 0.00136945 0.00283441 0.00114165
-0.00046334 -0.00038021 0.00176626 -0.00134503 0.00166955 0.00191257 -0.00005988 0.00157833 0.00114165 0.00254916
