0.74827263 -0.06578023 0.01057736 0.02534744 -0.00438262 -0.00648272 -0.00525375 0.00189613 0.00064868 -0.00086833
-0.06578023 0.41818583 0.03276978 0.03770215 0.02682790 0.01625398 0.00586621 0.00419452 0.00586977 -0.00414067
0.01057736 0.03276978 0.18196976 0.03656800 0.00460622 0.00328403 0.00234439 -0.00552585 0.00139478 0.00061051
0.02534744 0.03770215 0.03656800 0.09909570 0.00150288 -0.00255761 -0.00385958 0.00208864 0.00184866 -0.00245948
-0.00438262 0.02682790 0.00460622 0.00150288 0.05556824 0.01270775 0.00894240 0.00071873 0.00439042 0.00482603
-0.00648272 0.01625398 0.00328403 -0.00255761 0.01270775 0.03622384 0.00658150 0.00313354 0.00391749 0.00262013
-0.00525375 0.00586621 0.00234439 -0.00385958 0.00894240 0.00658150 0.01650709 0.00529635 0.00307660 0.00320471
0.00189613 0.00419452 -0.00552585 0.00208864 0.00071873 0.00313354 0.00529635 0.01148988 0.00444130 0.00251918
0.00064868 0.00586977 0.00139478 0.00184866 0.00439042 0.00391749 0.00307660 0.00444130 0.00722903 0.00262233
-0.00086833 -0.00414067 0.00061051 -0.00245948 0.00482603 0.00262013 0.00320471 0.00251918 0.00262233 0.00474976
