2.51829332 0.03059584 0.37177376 0.03329177 0.05832738 0.01479473 -0.00244905 0.00036800 0.03438479 -0.00452932
0.03059584 1.14557801 -0.09382058 -0.05249210 -0.04769261 -0.06406024 -0.01925482 -0.00043496 -0.00197692 0.00059968
0.37177376 -0.09382058 0.65686871 0.04670242 0.00074506 0.05443063 0.01589518 0.00522007 0.00885088 0.01475484
0.03329177 -0.05249210 0.04670242 0.25077757 0.00398268 0.01845303 -0.01015012 0.00834758 0.00051295 -0.00098420
0.05832738 -0.04769261 0.00074506 0.00398268 0.12877631 0.00627991 -0.00218103 0.00036396 0.00410912 0.00074902
0.01479473 -0.06406024 0.05443063 0.01845303 0.00627991 0.07748001 -0.00055232 0.00379630 0.00121290 0.00077360
-0.00244905 -0.01925482 0.01589518 -0.01015012 -0.00218103 -0.00055232 0.03769517 0.00015998 0.00397263 0.00136898
0.00036800 -0.00043496 0.00522007 0.00834758 0.00036396 0.00379630 0.00015998 0.01489392 -0.00205511 0.00053959
0.03438479 -0.00197692 0.00885088 0.00051295 0.00410912 0.00121290 0.00397263 -0.00205511 0.00765053 0.00075634
-0.00452932 0.00059968 0.01475484 -0.00098420 0.00074902 0.00077360 0.00136898 0.00053959 0.00075634 0.00463407
