1.34394150 0.00458572 0.03143177 0.04447918 0.02685762 0.02281648 -0.01667743 0.00399917 0.01467247 0.00320379
0.00458572 0.73169356 0.04846730 -0.01344826 0.02151770 0.03138665 0.01037045 0.00398923 -0.01073946 -0.00404416
0.03143177 0.04846730 0.30803564 0.00118550 -0.02182227 -0.00342445 -0.00037530 -0.00382073 -0.00649751 0.00046665
0.04447918 -0.01344826 0.00118550 0.12476049 0.00435908 -0.00378245 0.00215360 0.00092755 0.00057098 -0.00328640
0.02685762 0.02151770 -0.02182227 0.00435908 0.06882668 0.00876472 0.00344767 0.00375983 0.00069834 0.00097149
0.02281648 0.03138665 -0.00342445 -0.00378245 0.00876472 0.03609969 0.00317596 0.00425845 0.00002618 0.00227296
-0.01667743 0.01037045 -0.00037530 0.00215360 0.00344767 0.00317596 0.01951431 0.00493276 0.00130330 0.00050148
0.00399917 0.00398923 -0.00382073 0.00092755 0.00375983 0.00425845 0.00493276 0.01198095 0.00305052 0.00138270
0.01467247 -0.01073946 -0.00649751 0.00057098 0.00069834 0.00002618 0.00130330 0.00305052 0.00525663 0.00129885
0.00320379 -0.00404416 0.00046665 -0.00328640 0.00097149 0.00227296 0.00050148 0.00138270 0.00129885 0.00298626
