0.22131911 0.00874208 0.00343231 -0.00527014 -0.00230429 0.00018897 0.00054481 0.00009458 0.00512747 0.00271995
0.00874208 0.13692356 0.00920408 -0.00139472 0.00596728 0.00016514 0.00112081 -0.00090677 -0.00109692 -0.00127314
0.00343231 0.00920408 0.07710270 0.00618990 0.00265881 -0.00086964 0.00267563 0.00130408 -0.00109010 -0.00018948
-0.00527014 -0.00139472 0.00618990 0.03680516 0.00373931 -0.00054593 0.00075196 0.00050406 0.00031050 -0.00128521
-0.00230429 0.00596728 0.00265881 0.00373931 0.01889816 0.00387359 0.00305152 0.00158399 0.00057369 0.00126744
0.00018897 0.00016514 -0.00086964 -0.00054593 0.00387359 0.00931426 0.00156519 0.00115241 -0.00006451 0.00074134
0.00054481 0.00112081 0.00267563 0.00075196 0.00305152 0.00156519 0.00502023 0.00152507 0.00027198 0.00024512
0.00009458 -0.00090677 0.00130408 0.00050406 0.00158399 0.00115241 0.00152507 0.00260428 0.00070397 0.00060669
0.00512747 -0.00109692 -0.00109010 0.00031050 0.00057369 -0.00006451 0.00027198 0.00070397 0.00154832 0.00061661
0.00271995 -0.00127314 -0.00018948 -0.00128521 0.00126744 0.00074134 0.00024512 0.00060669 0.00061661 0.00128294
