0.23303032 -0.01801190 0.01171242 -0.00117485 0.00289812 0.00067284 -0.00336336 -0.00133132 -0.00180250 -0.00016481
-0.01801190 0.09269202 0.01385491 0.00313180 -0.00136331 -0.00111799 -0.00112219 -0.00130208 0.00102431 -0.00186899
0.01171242 0.01385491 0.04157480 0.00355845 -0.00325382 -0.00238276 0.00228900 -0.00111505 0.00037193 0.00170799
-0.00117485 0.00313180 0.00355845 0.02618436 0.00174252 0.00205192 0.00200466 0.00023431 -0.00005106 -0.00066915
0.00289812 -0.00136331 -0.00325382 0.00174252 0.01592929 0.00507938 0.00385745 0.00095882 0.00088168 0.00063021
0.00067284 -0.00111799 -0.00238276 0.00205192 0.00507938 0.00940871 0.00316246 0.00177996 0.00183144 0.00050017
-0.00336336 -0.00112219 0.00228900 0.00200466 0.00385745 0.00316246 0.00594100 0.00201585 0.00138984 0.00122518
-0.00133132 -0.00130208 -0.00111505 0.00023431 0.00095882 0.00177996 0.00201585 0.00387833 0.00194915 0.00133340
-0.00180250 0.00102431 0.00037193 -0.00005106 0.00088168 0.00183144 0.00138984 0.00194915 0.00296281 0.00154228
-0.00016481 -0.00186899 0.00170799 -0.00066915 0.00063021 0.00050017 0.00122518 0.00133340 0.00154228 0.00238061
