4.85699013 -0.09395377 -0.07564755 -0.00015210 -0.05448697 -0.01259394 0.03623580 0.00520718 0.05254709 0.02699572
-0.09395377 3.12822593 -0.11722188 0.02842925 0.05741725 -0.04554189 -0.03196902 0.05524509 0.06232272 0.02101405
-0.07564755 -0.11722188 1.09987806 0.21422200 0.01898028 -0.00768349 0.01499702 -0.00350028 0.01329470 0.00405391
-0.00015210 0.02842925 0.21422200 0.60415697 0.07263159 0.03746518 0.03921325 0.00944777 -0.00251021 -0.00077025
-0.05448697 0.05741725 0.01898028 0.07263159 0.30757212 0.02843230 0.01507299 0.00308900 -0.00229232 0.00345132
-0.01259394 -0.04554189 -0.00768349 0.03746518 0.02843230 0.12308999 0.01784331 0.00797068 0.00896327 0.01152049
0.03623580 -0.03196902 0.01499702 0.03921325 0.01507299 0.01784331 0.06561551 0.01206664 0.00758644 0.00846304
0.00520718 0.05524509 -0.00350028 0.00944777 0.00308900 0.00797068 0.01206664 0.03828165 0.00601876 0.00627866
0.05254709 0.06232272 0.01329470 -0.00251021 -0.00229232 0.00896327 0.00758644 0.00601876 0.02520724 0.00592637
0.02699572 0.02101405 0.00405391 -0.00077025 0.00345132 0.01152049 0.00846304 0.00627866 0.00592637 0.01449650
