2.03368177 0.07277879 0.13975076 0.05635068 0.01140262 -0.01936368 -0.01349345 -0.00904863 0.01892751 -0.00388400
0.07277879 0.85169426 -0.00818394 -0.08687553 -0.03790220 -0.01660814 -0.02062486 -0.00203342 -0.00821774 0.00244378
0.13975076 -0.00818394 0.49932564 0.03824888 0.03737680 0.02209562 0.01239227 -0.00306108 0.00824629 0.01006370
0.05635068 -0.08687553 0.03824888 0.18214181 0.01733110 0.01819224 -0.00204678 -0.00032328 0.00466898 -0.00015270
0.01140262 -0.03790220 0.03737680 0.01733110 0.11130868 0.00323551 -0.00054744 -0.00036977 -0.00042285 0.00227292
-0.01936368 -0.01660814 0.02209562 0.01819224 0.00323551 0.04768971 -0.00127411 0.00048426 0.00066411 0.00059146
-0.01349345 -0.02062486 0.01239227 -0.00204678 -0.00054744 -0.00127411 0.02189840 0.00078457 0.00121113 0.00079794
-0.00904863 -0.00203342 -0.00306108 -0.00032328 -0.00036977 0.00048426 0.00078457 0.01083000 -0.00106792 0.00058117
0.01892751 -0.00821774 0.00824629 0.00466898 -0.00042285 0.00066411 0.00121113 -0.00106792 0.00558488 0.00041858
-0.00388400 0.00244378 0.01006370 -0.00015270 0.00227292 0.00059146 0.00079794 0.00058117 0.00041858 0.00362588
