0.20918556 -0.01845134 0.00550889 0.00673104 0.00076275 -0.00069314 -0.00235107 -0.00071706 -0.00173518 0.00102384
-0.01845134 0.09448358 0.00770612 0.00330535 0.00021875 -0.00224201 -0.00268279 -0.00057249 0.00103839 -0.00142885
0.00550889 0.00770612 0.04037066 0.00217813 -0.00155882 -0.00141539 0.00274368 -0.00145885 0.00042298 0.00113782
0.00673104 0.00330535 0.00217813 0.02161572 0.00294845 0.00267967 0.00065836 0.00047219 0.00008824 -0.00065018
0.00076275 0.00021875 -0.00155882 0.00294845 0.01423866 0.00409579 0.00237857 0.00143042 0.00066781 0.00081597
-0.00069314 -0.00224201 -0.00141539 0.00267967 0.00409579 0.00752278 0.00248046 0.00129911 0.00118477 0.00063064
-0.00235107 -0.00268279 0.00274368 0.00065836 0.00237857 0.00248046 0.00483052 0.00190122 0.00125509 0.00109255
-0.00071706 -0.00057249 -0.00145885 0.00047219 0.00143042 0.00129911 0.00190122 0.00372027 0.00191570 0.00135770
-0.00173518 0.00103839 0.00042298 0.00008824 0.00066781 0.00118477 0.00125509 0.00191570 0.00279070 0.00144783
0.00102384 -0.00142885 0.00113782 -0.00065018 0.00081597 0.00063064 0.00109255 0.00135770 0.00144783 0.00216993
